Par pas (moyenne sur 2 pas), 2696 lancements profilés, 0 valeurs illisibles
                                                                  appels   ms/pas  Go lus    Go/s    Ginst  inst/oct tens%  fma%  lsu%   SM%   MHz
mul_mat_vec_q<12, 1>                                               120.5    0.765   0.680     943    0.363      0.53   0.0   0.0   0.0   0.0  2836
mul_mat_vec_q_moe<12, 2>                                            59.0    0.523   0.418     834    0.255      0.61   0.0   0.0   0.0   0.0  2802
mul_mat_vec_q<12, 2>                                                84.0    0.503   0.248     523    0.150      0.60   0.0   0.0   0.0   0.0  2839
quantize_q8_1                                                      312.5    0.488   0.000       0    0.005    239.86   0.0   0.0   0.0   0.0  2839
mul_mat_vec_q<14, 1>                                                25.5    0.300   0.395    1362    0.193      0.49   0.0   0.0   0.0   0.0  2821
rms_norm_f32<1024, 1>                                               97.0    0.300   0.001       3    0.001      1.20   0.0   0.0   0.0   0.0  2878
k_bin_bcast<&op_add, float>                                        120.5    0.207   0.000       0    0.001     28.55   0.0   0.0   0.0   0.0  2845
rms_norm_f32<256, 1>                                                96.0    0.198   0.000       1    0.003     33.45   0.0   0.0   0.0   0.0  2856
flash_attn_ext_f16<128, 128>                                        24.0    0.165   0.013      80    0.002      0.18   2.1   0.0   0.0   0.0  2888
rope_neox<1, 0>                                                     96.0    0.160   0.000       1    0.001     25.82   0.0   0.0   0.0   0.0  2848
topk_moe_cuda<128, 0>                                               48.0    0.154   0.000       0    0.000      2.96   0.0   0.0   0.0   0.0  2880
mul_mat_vec_f<float, float>                                         48.0    0.133   0.050     382    0.007      0.14   0.0   0.0   0.0   0.0  2859
mul_mat_vec_q_moe<14, 2>                                            11.5    0.125   0.119    1007    0.080      0.67   0.0   0.0   0.0   0.0  2753
flash_attn_ext_vec<128, 1>                                          24.0    0.095   0.013     144    0.007      0.55   0.0   0.0   0.0   0.0  2884
k_bin_bcast<&op_mul, float>                                         48.0    0.081   0.000       0    0.003    162.45   0.0   0.0   0.0   0.0  2836
k_set_rows<float, long>                                             48.0    0.071   0.000       0    0.000      7.27   0.0   0.0   0.0   0.0  2837
flash_attn_combine_results<128>                                     24.0    0.044   0.000       1    0.000     13.26   0.0   0.0   0.0   0.0  2860
flash_attn_stream_k_fixup_uniform<128, 2>                           24.0    0.043   0.000       1    0.001    128.54   0.0   0.0   0.0   0.0  2845
mul_mat_vec_q<14, 2>                                                12.0    0.042   0.010     264    0.005      0.47   0.0   0.0   0.0   0.0  2850
unary_gated_op_kernel<&op_silu, float>                              23.5    0.037   0.000       1    0.001    179.66   0.0   0.0   0.0   0.0  2829
k_get_rows_float<float, float>                                       2.0    0.004   0.000       1    0.000      4.46   0.0   0.0   0.0   0.0  2898

Par poste
                                                                  appels   ms/pas  Go lus    Go/s    Ginst  inst/oct tens%  fma%  lsu%   SM%   MHz
norm + rope + élémentaires                                         818.0    3.338   1.920     605    1.062      0.55   0.0   0.0   0.0   0.0  2844   75.2 %
routage + glue MoE                                                 384.0    0.679   0.000       0    0.005    112.91   0.0   0.0   0.0   0.0  2844   15.3 %
attention paginée                                                   96.0    0.347   0.025      78    0.011      0.42   0.5   0.0   0.0   0.0  2869    7.8 %
reste                                                               50.0    0.074   0.000       0    0.000      6.53   0.0   0.0   0.0   0.0  2840    1.7 %
TOTAL                                                             1348.0    4.439   1.946     461    1.078      0.55   0.0   0.0   0.0   0.0  2845
